*Vertices 333
1 "1"
2 "2"
3 "3"
4 "4"
5 "5"
6 "6"
7 "7"
8 "8"
9 "9"
10 "10"
11 "11"
12 "12"
13 "13"
14 "14"
15 "15"
16 "16"
17 "17"
18 "18"
19 "19"
20 "20"
21 "21"
22 "22"
23 "23"
24 "24"
25 "25"
26 "26"
27 "27"
28 "28"
29 "29"
30 "30"
31 "31"
32 "32"
33 "33"
34 "34"
35 "35"
36 "36"
37 "37"
38 "38"
39 "39"
40 "40"
41 "41"
42 "42"
43 "43"
44 "44"
45 "45"
46 "46"
47 "47"
48 "48"
49 "49"
50 "50"
51 "51"
52 "52"
53 "53"
54 "54"
55 "55"
56 "56"
57 "57"
58 "58"
59 "59"
60 "60"
61 "61"
62 "62"
63 "63"
64 "64"
65 "65"
66 "66"
67 "67"
68 "68"
69 "69"
70 "70"
71 "71"
72 "72"
73 "73"
74 "74"
75 "75"
76 "76"
77 "77"
78 "78"
79 "79"
80 "80"
81 "81"
82 "82"
83 "83"
84 "84"
85 "85"
86 "86"
87 "87"
88 "88"
89 "89"
90 "90"
91 "91"
92 "92"
93 "93"
94 "94"
95 "95"
96 "96"
97 "97"
98 "98"
99 "99"
100 "100"
101 "101"
102 "102"
103 "103"
104 "104"
105 "105"
106 "106"
107 "107"
108 "108"
109 "109"
110 "110"
111 "111"
112 "112"
113 "113"
114 "114"
115 "115"
116 "116"
117 "117"
118 "118"
119 "119"
120 "120"
121 "121"
122 "122"
123 "123"
124 "124"
125 "125"
126 "126"
127 "127"
128 "128"
129 "129"
130 "130"
131 "131"
132 "132"
133 "133"
134 "134"
135 "135"
136 "136"
137 "137"
138 "138"
139 "139"
140 "140"
141 "141"
142 "142"
143 "143"
144 "144"
145 "145"
146 "146"
147 "147"
148 "148"
149 "149"
150 "150"
151 "151"
152 "152"
153 "153"
154 "154"
155 "155"
156 "156"
157 "157"
158 "158"
159 "159"
160 "160"
161 "161"
162 "162"
163 "163"
164 "164"
165 "165"
166 "166"
167 "167"
168 "168"
169 "169"
170 "170"
171 "171"
172 "172"
173 "173"
174 "174"
175 "175"
176 "176"
177 "177"
178 "178"
179 "179"
180 "180"
181 "181"
182 "182"
183 "183"
184 "184"
185 "185"
186 "186"
187 "187"
188 "188"
189 "189"
190 "190"
191 "191"
192 "192"
193 "193"
194 "194"
195 "195"
196 "196"
197 "197"
198 "198"
199 "199"
200 "200"
201 "201"
202 "202"
203 "203"
204 "204"
205 "205"
206 "206"
207 "207"
208 "208"
209 "209"
210 "210"
211 "211"
212 "212"
213 "213"
214 "214"
215 "215"
216 "216"
217 "217"
218 "218"
219 "219"
220 "220"
221 "221"
222 "222"
223 "223"
224 "224"
225 "225"
226 "226"
227 "227"
228 "228"
229 "229"
230 "230"
231 "231"
232 "232"
233 "233"
234 "234"
235 "235"
236 "236"
237 "237"
238 "238"
239 "239"
240 "240"
241 "241"
242 "242"
243 "243"
244 "244"
245 "245"
246 "246"
247 "247"
248 "248"
249 "249"
250 "250"
251 "251"
252 "252"
253 "253"
254 "254"
255 "255"
256 "256"
257 "257"
258 "258"
259 "259"
260 "260"
261 "261"
262 "262"
263 "263"
264 "264"
265 "265"
266 "266"
267 "267"
268 "268"
269 "269"
270 "270"
271 "271"
272 "272"
273 "273"
274 "274"
275 "275"
276 "276"
277 "277"
278 "278"
279 "279"
280 "280"
281 "281"
282 "282"
283 "283"
284 "284"
285 "285"
286 "286"
287 "287"
288 "288"
289 "289"
290 "290"
291 "291"
292 "292"
293 "293"
294 "294"
295 "295"
296 "296"
297 "297"
298 "298"
299 "299"
300 "300"
301 "301"
302 "302"
303 "303"
304 "304"
305 "305"
306 "306"
307 "307"
308 "308"
309 "309"
310 "310"
311 "311"
312 "312"
313 "313"
314 "314"
315 "315"
316 "316"
317 "317"
318 "318"
319 "319"
320 "320"
321 "321"
322 "322"
323 "323"
324 "324"
325 "325"
326 "326"
327 "327"
328 "328"
329 "329"
330 "330"
331 "331"
332 "332"
333 "333"
*Edges 2764
1 6 0.781452
1 14 0.477809
1 44 0.671413
1 94 0.629270
1 116 0.718117
1 117 0.465428
1 126 0.515330
1 127 0.781773
1 150 0.451933
1 156 0.728377
1 157 0.449638
1 159 0.606420
1 162 1.284813
1 200 0.791521
1 220 0.669152
1 278 0.556190
1 279 0.736673
1 290 0.774794
1 315 0.577911
2 30 0.497932
2 47 0.565061
2 48 0.780172
2 50 0.854435
2 57 0.465458
2 70 0.457121
2 103 0.593280
2 104 0.598330
2 163 1.084589
2 207 0.437837
2 209 0.674168
2 210 0.531214
2 223 0.526679
3 53 1.469914
3 101 0.976724
3 111 0.455513
3 164 1.525714
3 212 1.235518
3 244 0.558624
3 268 1.021241
3 269 0.508129
4 6 0.528556
4 24 0.549329
4 25 0.454014
4 43 0.482606
4 44 0.915359
4 75 0.519071
4 78 0.496671
4 108 0.569280
4 115 0.445011
4 128 0.599515
4 155 0.463666
4 157 0.486679
4 281 0.445387
5 8 0.562164
5 15 0.529727
5 87 0.512160
5 97 1.129229
5 98 0.445019
5 131 1.029954
5 132 1.037646
5 137 0.482627
5 138 0.445668
5 139 0.971013
5 141 0.568710
5 166 0.993023
5 175 0.439700
5 252 0.528238
5 253 0.536824
5 258 1.228541
5 263 0.528527
5 265 0.638953
5 293 0.482114
5 298 0.756547
6 25 0.616951
6 26 0.480925
6 44 0.641280
6 62 0.471166
6 75 0.494169
6 85 0.693347
6 94 0.578949
6 107 0.675457
6 108 0.854126
6 126 0.620530
6 127 0.995065
6 128 0.762391
6 129 0.639291
6 145 0.565542
6 146 0.439273
6 148 0.493798
6 150 0.446459
6 156 0.471236
6 157 0.933512
6 159 0.575586
6 162 0.562949
6 165 0.441314
6 200 0.573292
6 220 0.823968
6 222 0.716500
6 225 0.794711
6 242 0.510559
6 290 0.769788
6 291 0.469964
6 292 0.483951
6 300 0.556390
6 325 0.442487
6 333 0.712779
7 43 0.527480
7 49 0.823968
7 51 0.546124
7 52 0.653323
7 63 0.788893
7 74 0.575492
7 78 0.756540
7 79 0.458329
7 84 0.441819
7 106 0.441369
7 110 0.592202
7 112 0.643158
7 149 0.492752
7 153 0.545278
7 155 0.786583
7 240 0.518058
7 241 0.468757
7 250 0.602251
7 318 0.481909
7 320 0.556522
8 15 0.812215
8 16 0.605101
8 17 0.597320
8 20 0.528523
8 90 0.681995
8 97 0.524798
8 131 0.829142
8 132 0.655883
8 137 0.724901
8 138 0.715806
8 141 0.508607
8 166 0.803803
8 169 0.721599
8 175 0.713580
8 176 0.676268
8 177 0.642221
8 255 0.605461
8 256 0.537632
8 258 0.512510
8 293 0.673906
8 298 0.887242
8 308 0.624552
8 310 0.525475
8 311 0.565421
9 41 0.511087
9 43 0.565349
9 49 0.515823
9 51 0.825191
9 52 0.906951
9 55 0.781547
9 56 0.531581
9 74 0.867409
9 87 0.738794
9 88 0.885259
9 92 0.445583
9 95 0.703997
9 100 0.658990
9 106 0.647744
9 110 0.602993
9 112 0.701179
9 113 0.942417
9 130 0.485338
9 133 0.792868
9 170 0.590379
9 199 0.477764
9 203 0.515719
9 213 0.471667
9 250 0.771358
9 251 0.683715
9 252 0.621932
9 253 0.573856
9 262 0.576304
9 266 0.509578
9 275 0.621608
9 302 0.439435
10 65 0.810900
10 66 0.591260
10 70 0.626579
10 171 0.656659
10 224 0.605649
10 227 0.481108
10 329 0.548313
11 73 0.650608
11 142 0.487588
12 89 0.931280
12 93 0.789285
12 96 0.504098
12 173 1.044408
12 254 0.794237
13 14 0.905931
13 130 0.720135
13 143 0.920685
13 144 0.442276
13 154 0.451275
13 169 0.625674
13 174 1.598432
13 259 0.591055
13 293 0.651930
13 294 0.867758
13 295 0.708681
13 311 0.566878
13 313 0.732616
13 315 0.462473
14 116 0.507148
14 117 0.575225
14 130 0.461993
14 143 0.841234
14 144 0.564204
14 156 0.448133
14 162 0.443954
14 174 0.987151
14 279 0.621017
14 294 0.512102
14 295 0.470756
14 296 0.450327
14 313 0.684051
14 315 0.485111
15 16 0.839975
15 17 0.675478
15 20 0.466341
15 90 0.606684
15 97 0.657541
15 131 0.562392
15 132 0.642185
15 137 0.866072
15 138 0.743103
15 141 0.660404
15 166 0.823262
15 175 1.448586
15 176 0.653882
15 255 0.554492
15 263 0.517487
15 298 0.702384
15 307 0.544465
15 308 0.561426
15 310 0.587407
16 17 0.958960
16 20 0.691098
16 90 0.614255
16 137 0.521862
16 138 0.449984
16 166 0.437054
16 175 0.783295
16 176 0.942860
16 255 0.583290
16 256 0.495869
16 310 0.650962
17 20 0.615303
17 90 0.544878
17 137 0.497835
17 175 0.660961
17 176 0.749447
17 255 0.526100
17 256 0.505345
17 310 0.610900
17 311 0.480925
18 178 0.550915
20 90 0.439982
20 176 0.832953
20 255 0.443187
21 22 0.467680
21 30 0.950961
21 48 0.500831
21 63 0.507155
21 64 0.722523
21 69 0.440578
21 71 0.521644
21 84 0.563234
21 91 0.477139
21 103 0.588159
21 180 0.976359
21 185 0.522673
21 188 0.450672
21 234 0.540505
22 30 0.440453
22 34 0.963985
22 37 0.475530
22 39 0.464759
22 47 0.467951
22 48 0.812886
22 61 0.579404
22 64 0.678730
22 69 0.583150
22 71 0.553102
22 76 0.854457
22 81 0.737872
22 82 0.536124
22 84 0.651968
22 102 0.620437
22 103 0.529178
22 104 0.739889
22 111 0.726668
22 153 0.533923
22 185 0.991455
22 187 0.594424
22 194 0.553316
22 195 0.850021
22 196 0.680030
22 238 0.658943
22 246 0.655918
22 274 0.763718
23 62 0.542775
23 75 0.573600
23 80 0.471529
23 85 0.652023
23 86 0.707241
23 145 0.573264
23 146 0.773736
23 147 0.543337
23 158 1.062767
23 229 0.470698
23 271 0.494347
24 25 0.510821
24 42 0.446426
24 44 0.495860
24 78 0.510821
24 79 0.506161
24 96 0.491143
24 107 0.639611
24 108 0.549398
24 109 0.757380
24 110 0.608846
24 113 0.458050
24 114 0.598448
24 115 0.550097
24 121 0.439119
24 148 0.659520
24 155 0.445149
24 182 0.550961
24 236 0.503240
24 237 0.447937
24 247 0.575849
24 273 0.518207
25 75 0.476476
25 80 0.633499
25 85 0.704072
25 107 0.549315
25 108 0.610031
25 127 0.488163
25 129 0.442463
25 145 0.606902
25 146 0.627717
25 148 0.555962
25 150 0.659178
25 151 0.452824
25 157 0.702266
25 165 0.442471
25 242 0.473188
25 243 0.440813
25 276 0.466954
25 316 0.452683
25 322 0.474943
25 325 0.537827
25 333 0.548279
26 73 0.445278
26 80 0.498467
26 85 0.673574
26 127 0.475841
26 129 0.691711
26 145 0.762056
26 146 0.563850
26 150 0.614117
26 157 0.518545
26 165 0.502154
26 186 0.517495
26 242 0.499609
26 292 0.498467
26 300 0.528210
26 316 0.492231
26 322 0.475746
26 323 0.502187
26 325 0.519238
27 76 0.476564
27 82 0.460943
27 84 0.484989
27 185 0.505549
27 188 0.667543
27 245 0.455938
27 248 0.457330
27 249 0.458224
28 29 0.513742
30 48 0.759145
30 63 0.519033
30 64 0.875838
30 69 0.460003
30 71 0.472123
30 84 0.482847
30 91 0.766315
30 103 0.801173
30 153 0.443883
30 163 0.560121
30 180 0.963237
30 193 0.477377
30 207 0.526835
30 223 0.472526
30 234 0.436940
30 267 0.565855
31 32 1.095649
31 33 0.496347
31 35 0.450834
31 36 0.752529
31 37 0.500689
31 38 0.492502
31 46 0.828279
31 59 0.463277
31 171 0.451798
31 190 1.106630
31 191 0.690375
31 194 0.603532
31 201 0.442270
31 202 0.810107
31 204 0.755602
31 216 0.575849
32 33 0.527060
32 36 0.970620
32 37 0.457369
32 46 0.835050
32 190 0.845601
32 191 0.867373
32 194 0.671348
32 195 0.438886
32 202 0.997467
32 204 1.072145
33 35 0.598437
33 36 0.731036
33 47 0.451557
33 191 0.577943
33 193 0.553013
33 195 0.530665
33 204 0.470539
33 206 0.538845
34 39 0.536977
34 48 0.582184
34 61 0.671649
34 64 0.506421
34 67 0.447849
34 69 0.543846
34 76 0.561345
34 81 0.605926
34 102 0.508421
34 104 0.502783
34 111 0.691659
34 185 0.540567
34 194 0.546121
34 195 0.617344
34 196 1.018184
34 274 0.630511
35 36 0.666368
35 190 0.487155
35 191 0.607839
35 193 0.728281
35 204 0.480885
36 46 0.493132
36 190 0.623773
36 191 1.177526
36 193 0.449969
36 194 0.480693
36 202 0.522394
36 204 0.980854
37 38 0.735210
37 45 0.929651
37 46 0.563972
37 59 0.597203
37 102 0.487510
37 194 0.671077
37 195 0.475608
37 201 0.502778
37 202 0.471816
38 45 1.087667
38 46 0.513210
38 59 1.067249
38 201 0.522990
38 216 0.589370
38 218 0.462931
39 46 0.450095
39 59 0.589927
39 90 0.456575
39 111 0.457111
39 185 0.477039
39 196 0.590686
39 197 1.217477
39 202 0.476008
39 255 0.469819
39 274 0.439599
40 41 0.548925
40 109 0.463041
40 181 0.510778
40 197 0.436749
41 42 0.650248
41 43 0.576442
41 49 0.684500
41 51 0.589980
41 52 0.705327
41 63 0.440238
41 74 0.446519
41 87 0.603528
41 88 0.533955
41 91 0.694636
41 92 0.850941
41 95 0.656465
41 106 0.488163
41 109 0.506946
41 113 0.442359
41 130 0.451493
41 154 0.616357
41 155 0.477675
41 189 0.777211
41 198 0.927090
41 199 0.526388
41 203 0.743189
41 252 0.567565
41 262 0.454598
41 320 0.513060
42 43 0.667442
42 92 0.819030
42 94 0.735359
42 95 0.679228
42 109 0.459307
42 154 0.842571
42 155 0.534844
42 156 0.633284
42 198 0.440122
42 259 0.600678
42 326 0.449193
42 327 0.557801
43 49 0.791652
43 52 0.629547
43 63 0.582999
43 74 0.743121
43 78 0.443233
43 79 0.478315
43 92 0.651442
43 94 0.456461
43 95 0.634746
43 110 0.729397
43 112 0.515667
43 113 0.478772
43 119 0.463472
43 133 0.440266
43 154 0.441040
43 155 0.921328
43 199 0.465463
43 250 0.524225
44 94 0.704237
44 108 0.709207
44 115 0.439083
44 116 0.549461
44 117 0.461927
44 119 0.685875
44 121 0.454806
44 126 0.709245
44 127 0.691809
44 128 0.650312
44 148 0.550932
44 150 0.469533
44 156 0.898633
44 157 0.510881
44 200 0.579457
44 279 0.485430
44 281 0.515355
44 289 0.471570
44 290 0.493085
44 326 0.604856
45 46 0.496610
45 59 0.804804
45 201 0.587485
45 216 0.465963
46 59 0.441837
46 190 0.633860
46 191 0.440147
46 194 0.604042
46 197 0.460354
46 201 0.541997
46 202 1.101407
46 204 0.521405
46 216 0.507397
47 48 0.770432
47 50 0.889157
47 54 0.713849
47 56 0.667475
47 57 0.656647
47 58 0.590689
47 103 0.479787
47 105 0.627165
47 163 0.524164
47 205 0.831623
47 206 0.783380
47 207 0.691806
47 209 0.566250
47 210 0.608094
47 213 0.558594
47 214 0.455149
47 215 0.541848
47 223 0.539510
47 270 0.441859
48 50 0.593054
48 57 0.471721
48 64 0.810146
48 69 0.599755
48 71 0.531216
48 103 0.968244
48 104 0.765861
48 111 0.482560
48 153 0.462518
48 163 0.628969
48 180 0.618091
48 185 0.528417
48 195 0.489190
48 206 0.552656
48 207 0.662185
48 209 0.478515
48 223 0.607923
48 238 0.436808
48 274 0.442100
49 51 0.676677
49 52 0.740104
49 56 0.473021
49 63 0.832143
49 74 0.459095
49 91 0.677982
49 92 0.601815
49 103 0.462735
49 106 0.520148
49 112 0.671103
49 153 0.526640
49 155 0.668091
49 189 0.471814
49 203 0.716234
49 207 0.605871
49 250 0.593551
49 266 0.563958
49 320 0.492522
50 54 0.604442
50 56 0.665563
50 57 0.839974
50 58 0.609378
50 103 0.498446
50 104 0.440237
50 105 0.520031
50 163 0.774556
50 205 0.626076
50 206 0.555072
50 207 0.552682
50 209 0.960347
50 210 0.816412
50 213 0.554767
50 214 0.621731
50 215 0.650441
50 223 0.581275
51 52 1.296681
51 55 1.020047
51 56 0.876672
51 58 0.631496
51 63 0.515799
51 87 0.929870
51 88 0.447239
51 91 0.513025
51 92 0.459211
51 100 0.576833
51 105 0.713671
51 106 0.854295
51 112 0.867781
51 113 0.563360
51 170 0.497760
51 189 0.441331
51 198 0.459222
51 199 0.562899
51 203 0.852416
51 205 0.448593
51 207 0.561768
51 210 0.672210
51 211 0.548808
51 213 0.739400
51 215 0.492760
51 223 0.551137
51 250 0.590342
51 251 1.001707
51 252 0.656444
51 262 0.754230
51 266 0.701476
51 270 0.625046
51 275 0.708994
52 55 0.701149
52 56 0.464255
52 63 0.701817
52 74 0.641090
52 87 0.621284
52 88 0.595469
52 91 0.466537
52 92 0.685887
52 95 0.731148
52 106 0.726060
52 110 0.673545
52 112 0.852488
52 113 0.685083
52 155 0.553117
52 168 0.484976
52 170 0.625336
52 189 0.510527
52 198 0.578602
52 199 0.741341
52 203 0.729653
52 211 0.652880
52 250 0.680989
52 251 0.672202
52 252 0.541376
52 262 0.807102
52 266 0.542706
52 275 0.754522
52 320 0.488485
53 77 0.546117
53 101 0.889052
53 164 1.386233
53 212 1.753326
53 239 0.446929
53 244 0.665742
53 268 0.996086
53 269 0.519405
54 55 0.552440
54 56 0.721542
54 57 0.537038
54 58 0.830690
54 102 0.586900
54 105 0.923005
54 205 0.700079
54 206 0.447931
54 210 0.538689
54 213 0.628064
54 215 0.576537
54 217 0.465618
54 223 0.535954
54 270 0.653378
55 56 1.155845
55 58 0.951960
55 74 0.476706
55 87 0.703499
55 100 0.758166
55 105 1.140979
55 106 0.921463
55 112 0.963399
55 113 0.702304
55 203 0.546526
55 205 0.631127
55 210 0.635838
55 213 0.943229
55 215 0.568385
55 217 0.602885
55 223 0.535638
55 250 0.625375
55 251 0.865194
55 252 0.479429
55 262 0.525837
55 266 0.666269
55 270 1.028169
55 275 0.693670
56 58 1.054558
56 87 0.541378
56 100 0.751502
56 105 1.250914
56 106 0.695178
56 112 0.707641
56 163 0.476006
56 203 0.564151
56 205 0.840859
56 206 0.469116
56 207 0.659909
56 209 0.441958
56 210 0.791850
56 213 1.207501
56 215 0.713638
56 217 0.581750
56 223 0.636543
56 251 0.682501
56 266 0.735591
56 270 0.855082
57 58 0.504111
57 69 0.452704
57 205 0.458686
57 206 0.500213
57 209 0.718121
57 210 0.443313
57 214 0.954582
57 215 0.563611
58 100 0.481377
58 105 0.841467
58 106 0.501512
58 112 0.534437
58 205 0.685519
58 210 0.631032
58 213 0.887983
58 215 0.800566
58 217 0.836874
58 223 0.499325
58 251 0.570842
58 266 0.455413
58 270 0.854584
59 102 0.467967
59 197 0.464934
59 216 0.530145
59 218 0.511022
60 61 0.815765
60 62 0.697407
60 75 0.494689
60 80 0.450782
60 86 0.618140
60 135 0.516269
60 146 0.489181
60 147 0.619880
60 158 0.812836
60 161 0.436847
60 221 0.522157
60 267 0.532389
60 271 0.459219
60 317 0.444708
61 64 0.794064
61 67 0.497543
61 76 0.552633
61 81 0.598368
61 82 0.553354
61 84 0.596247
61 86 0.453162
61 103 0.487295
61 111 0.489852
61 147 0.588088
61 153 0.468336
61 196 0.488629
61 274 0.492602
62 75 0.720214
62 85 0.634002
62 86 0.677224
62 127 0.466634
62 146 0.564200
62 157 0.521080
62 158 0.892653
62 159 0.463339
62 161 0.705466
62 226 0.467636
62 229 0.450452
62 231 0.480960
63 64 0.539303
63 78 0.524514
63 79 0.534276
63 84 0.537430
63 91 0.518339
63 92 0.488480
63 103 0.587888
63 112 0.560271
63 155 0.738855
63 180 0.533279
63 223 0.489078
63 241 0.517469
63 249 0.490919
63 250 0.551089
63 266 0.462938
63 267 0.624936
63 318 0.460460
63 320 0.644172
64 69 0.497284
64 71 0.594941
64 76 0.635397
64 81 0.501093
64 82 0.510944
64 84 0.728125
64 103 1.077224
64 104 0.662654
64 111 0.560807
64 147 0.492681
64 153 0.442909
64 180 0.642615
64 185 0.555342
64 223 0.487387
64 234 0.538798
64 246 0.458335
64 274 0.516154
65 66 0.762614
65 68 0.607644
65 69 0.440871
65 101 0.561943
65 224 0.532531
65 233 0.444639
65 329 0.468507
66 68 0.787003
66 71 0.458274
66 101 0.449712
66 111 0.462991
66 160 0.731785
66 227 0.633205
66 233 0.520044
66 329 0.572195
67 68 0.663224
67 81 0.436990
67 86 0.538266
67 158 0.455173
67 160 0.458907
67 161 0.514199
67 196 0.496898
68 160 0.657941
68 161 0.441123
68 196 0.514436
68 233 0.560885
69 71 0.471387
69 102 0.467799
69 103 0.441019
69 104 0.544917
69 180 0.457985
69 185 0.468876
69 195 0.486861
69 274 0.481324
70 71 0.513657
70 77 0.442398
70 104 0.574689
70 171 0.547822
70 224 0.466371
71 72 0.572719
71 76 0.576931
71 81 0.469377
71 84 0.537513
71 103 0.522214
71 104 0.696226
71 111 0.567316
71 185 0.525114
71 234 0.609931
71 238 0.472080
71 246 0.495309
71 274 0.550386
72 76 0.661527
72 77 0.473486
72 81 0.574550
72 104 0.537658
72 111 0.600341
72 118 0.634649
72 185 0.452963
72 234 0.545218
72 235 0.476051
72 238 0.521383
72 245 0.448675
72 246 0.556736
72 274 0.527776
73 80 0.456591
73 85 0.567645
73 116 0.768108
73 127 0.726441
73 129 0.875249
73 135 0.567697
73 145 0.542307
73 157 0.488805
73 159 0.879693
73 172 0.620082
73 279 0.610603
73 290 0.522246
73 292 0.655425
73 300 0.543686
73 304 0.494041
73 323 0.587865
73 325 0.501781
73 331 0.450844
73 332 0.468097
74 78 0.479386
74 79 0.612867
74 88 0.837696
74 95 0.670261
74 96 0.455870
74 106 0.599726
74 109 0.564982
74 110 1.110799
74 112 0.691216
74 113 1.111131
74 119 0.803682
74 120 0.627497
74 121 0.440356
74 133 0.831288
74 155 0.497827
74 236 0.470065
74 250 0.808666
74 275 0.500095
74 302 0.486812
75 79 0.712503
75 80 0.528783
75 85 0.781858
75 86 0.447042
75 108 0.571540
75 145 0.513673
75 146 0.711021
75 157 0.766354
75 158 0.741918
75 221 0.475159
75 222 0.441816
75 242 0.541458
75 328 0.492096
76 77 0.493864
76 81 1.074458
76 82 0.666778
76 84 0.876659
76 101 0.505883
76 102 0.615299
76 104 0.784147
76 111 0.870513
76 147 0.448707
76 185 0.824132
76 187 0.447271
76 195 0.484900
76 196 0.482519
76 234 0.488841
76 238 0.879250
76 245 0.618846
76 246 0.917226
76 249 0.459147
76 269 0.557772
76 274 0.883936
77 101 0.610546
77 102 0.567147
77 111 0.451495
77 171 0.452806
77 212 0.505033
77 224 0.472200
77 238 0.582728
77 239 0.719472
77 244 0.627630
77 268 0.544403
77 269 0.623194
78 79 0.893301
78 109 0.440494
78 110 0.639561
78 112 0.440807
78 114 0.575651
78 115 0.489764
78 122 0.441870
78 149 0.604240
78 155 0.754735
78 240 0.637445
78 241 0.585688
79 106 0.462564
79 109 0.506188
79 110 0.490541
79 112 0.467886
79 147 0.447219
79 155 0.497778
79 241 0.514312
79 250 0.456888
80 83 0.520158
80 85 0.759383
80 129 0.552427
80 145 0.639975
80 146 0.675676
80 149 0.476177
80 150 0.705589
80 157 0.582847
80 158 0.512568
80 165 0.496581
80 183 0.491843
80 242 0.654238
80 243 0.786084
80 292 0.466781
80 316 0.616410
80 317 0.563540
80 322 0.624943
80 323 0.524451
80 325 0.647588
80 333 0.472208
81 82 0.669090
81 84 0.698125
81 101 0.579948
81 102 0.603080
81 104 0.607483
81 111 0.748541
81 185 0.693500
81 195 0.468209
81 196 0.642450
81 238 0.664264
81 245 0.538019
81 246 0.866549
81 269 0.570583
81 274 0.760483
82 84 0.924222
82 147 0.675498
82 149 0.462701
82 153 0.436834
82 185 0.562808
82 187 0.489856
82 188 0.539626
82 245 0.740650
82 246 0.676036
82 248 0.529775
82 249 0.691517
82 274 0.473035
83 84 0.482295
83 245 0.456131
83 247 0.897904
83 248 0.574426
83 249 0.547049
84 103 0.534076
84 111 0.459381
84 147 0.606984
84 153 0.591848
84 180 0.467144
84 181 0.528301
84 185 0.681915
84 187 0.697815
84 188 0.568668
84 234 0.515191
84 245 0.695711
84 246 0.735682
84 248 0.818928
84 249 0.895426
84 274 0.551680
84 318 0.512168
85 108 0.519494
85 127 0.720134
85 129 1.045058
85 145 1.203233
85 146 1.038862
85 150 0.588324
85 157 1.011005
85 158 0.726626
85 159 0.619197
85 165 0.719982
85 222 0.580422
85 229 0.584469
85 231 0.657471
85 242 0.990914
85 292 0.681691
85 300 0.664121
85 316 0.690384
85 322 0.468293
85 323 0.665987
85 325 0.648767
85 328 0.487943
85 333 0.693733
86 135 0.455949
86 146 0.454272
86 147 0.544754
86 158 0.735540
86 161 0.475048
86 232 0.442109
87 88 0.667738
87 91 0.530289
87 100 0.806447
87 106 0.540518
87 113 0.467374
87 189 0.456051
87 203 0.687738
87 213 0.492153
87 251 1.013121
87 252 1.207778
87 253 0.764785
87 262 0.686681
87 265 0.484199
87 266 0.454145
87 270 0.512707
87 275 0.466108
88 95 0.978103
88 96 0.518013
88 100 0.505038
88 106 0.448424
88 109 0.528078
88 110 0.637754
88 113 1.023640
88 119 0.445528
88 130 0.490742
88 133 0.791506
88 136 0.471908
88 170 0.520975
88 236 0.471063
88 250 0.519719
88 251 0.445762
88 252 0.695360
88 253 0.985144
88 261 0.600182
88 262 0.656710
88 275 0.515548
88 302 0.443081
89 90 0.610240
89 93 1.128428
89 173 1.032635
89 254 1.593849
89 257 0.668510
89 311 0.448214
90 93 0.472068
90 137 0.643844
90 138 0.461736
90 166 0.524133
90 175 0.613727
90 176 0.621537
90 177 0.436317
90 254 0.567057
90 255 1.147467
90 256 0.736052
90 310 0.759865
90 311 0.664234
91 92 0.721285
91 103 0.447177
91 130 0.498327
91 163 0.665683
91 180 0.655486
91 189 1.044746
91 198 0.661498
91 203 0.791576
91 207 0.524140
91 252 0.478551
91 266 0.477296
91 267 0.533857
91 320 0.511563
92 94 0.557629
92 95 0.813531
92 154 0.644996
92 155 0.574100
92 189 0.846481
92 198 0.637097
92 199 0.517722
92 203 0.508603
92 252 0.470264
92 257 0.487318
92 259 0.478057
92 320 0.514734
93 96 0.464437
93 173 0.713287
93 211 0.467053
93 252 0.463670
93 254 1.066708
93 257 0.717135
93 262 0.445706
94 95 0.704332
94 96 0.543529
94 108 0.540397
94 119 0.451610
94 126 0.623872
94 128 0.558218
94 143 0.488836
94 156 0.863167
94 162 0.459100
94 200 0.445346
94 259 0.859430
94 289 0.471845
94 302 0.457528
94 326 0.705863
95 96 0.645734
95 109 0.554374
95 110 0.680825
95 113 0.645725
95 130 0.511320
95 133 0.584781
95 170 0.626674
95 198 0.492330
95 199 0.584544
95 236 0.595944
95 252 0.524612
95 253 0.559479
95 257 0.502782
95 259 0.588512
95 261 0.632938
95 262 0.553109
95 273 0.451946
95 302 0.482884
96 107 0.654031
96 108 0.492408
96 109 0.654078
96 110 0.834829
96 113 0.497507
96 121 0.530732
96 126 0.672915
96 133 0.531788
96 148 0.446149
96 167 0.496590
96 168 0.582006
96 170 0.472503
96 211 0.472823
96 236 0.782830
96 257 0.467752
96 260 0.795024
96 261 0.889944
96 273 0.515101
96 289 0.617859
97 98 0.763455
97 131 0.865873
97 132 1.098041
97 138 0.472583
97 139 0.831120
97 141 0.771823
97 166 0.912484
97 175 0.551861
97 258 0.898344
97 263 0.799138
97 265 0.443203
97 298 0.731097
97 309 0.564448
98 132 0.519484
98 139 0.637123
98 140 0.792680
98 258 0.452964
98 263 1.020156
99 139 0.520298
99 264 0.649595
100 105 0.622133
100 106 0.600815
100 113 0.487863
100 139 0.532820
100 213 0.570803
100 250 0.452403
100 251 0.586861
100 252 0.594911
100 253 0.558472
100 265 0.854057
100 266 0.567063
100 270 0.518234
101 102 0.666282
101 104 0.490408
101 111 0.808427
101 164 0.831443
101 196 0.451508
101 212 0.751924
101 238 0.531519
101 244 0.628017
101 246 0.478782
101 268 0.897080
101 269 0.815900
101 274 0.651602
102 104 0.871747
102 111 0.679916
102 195 0.501701
102 196 0.447167
102 238 0.641077
102 246 0.450188
102 269 0.835265
102 274 0.637696
103 104 0.654394
103 105 0.491026
103 112 0.446532
103 153 0.471385
103 163 0.579499
103 180 0.721215
103 207 0.716040
103 210 0.474606
103 223 0.889159
103 234 0.499503
103 266 0.509593
104 111 0.910143
104 185 0.573654
104 195 0.489594
104 223 0.460393
104 224 0.444263
104 234 0.457233
104 238 0.680759
104 246 0.567992
104 269 0.613403
104 274 0.748630
105 106 0.751947
105 112 0.859792
105 203 0.463926
105 205 0.772717
105 207 0.570898
105 210 0.669484
105 213 0.939917
105 215 0.584278
105 217 0.506036
105 223 0.740505
105 251 0.565950
105 266 0.696265
105 270 0.925798
105 275 0.461746
106 112 1.075383
106 113 0.841992
106 203 0.473030
106 210 0.453244
106 213 0.518588
106 223 0.467177
106 250 0.611519
106 251 0.527335
106 262 0.441964
106 266 0.582233
106 270 0.543906
106 275 0.727558
107 108 0.819998
107 109 0.637437
107 115 0.440380
107 126 0.589499
107 148 0.649479
107 276 0.467914
108 109 0.695274
108 115 0.590971
108 126 0.635034
108 127 0.614588
108 128 0.507330
108 148 0.731134
108 156 0.485574
108 157 0.733543
108 225 0.447440
108 276 0.449714
109 110 0.619096
109 113 0.619805
109 114 0.549091
109 121 0.442889
109 148 0.514532
109 261 0.469724
109 273 0.751127
110 112 0.518272
110 113 0.858774
110 119 0.612754
110 120 0.502029
110 121 0.635795
110 133 0.656956
110 155 0.738526
110 168 0.726448
110 170 0.455826
110 199 0.441487
110 236 0.764587
110 250 0.481981
110 261 0.445257
110 275 0.483204
111 160 0.552980
111 185 0.608188
111 194 0.441290
111 195 0.491049
111 196 0.585819
111 238 0.610857
111 246 0.586369
111 269 0.537149
111 274 1.018371
112 113 0.727105
112 203 0.498765
112 207 0.486057
112 210 0.452910
112 213 0.533208
112 223 0.592968
112 250 0.775546
112 251 0.461130
112 266 0.589140
112 270 0.527185
112 275 0.762702
113 119 0.567467
113 121 0.470959
113 133 0.769987
113 170 0.526693
113 236 0.507595
113 250 0.620407
113 251 0.477817
113 253 0.526471
113 262 0.547822
113 275 0.719950
114 115 0.836402
114 148 0.740561
114 149 0.477362
114 155 0.454723
114 277 0.515711
114 319 0.671536
115 121 0.448999
115 122 0.469444
115 148 1.107430
115 151 0.528097
115 237 0.441026
115 277 0.750973
115 281 0.555219
116 117 0.785897
116 127 0.716886
116 129 0.497317
116 145 0.478738
116 150 0.677479
116 156 0.514468
116 159 0.723343
116 162 0.474678
116 200 0.546200
116 278 0.567052
116 279 1.219495
116 290 0.558490
116 304 0.453962
116 315 0.438812
116 323 0.575393
116 325 0.459959
116 331 0.441558
117 119 0.483009
117 142 0.436479
117 150 0.599685
117 156 0.461317
117 184 0.513112
117 278 0.447023
117 279 0.889786
117 315 0.448515
119 120 0.549491
119 121 0.473819
119 126 0.594647
119 133 0.706015
119 302 0.571441
120 122 0.469412
120 250 0.481691
120 283 0.694698
121 122 0.520620
121 236 0.519824
121 281 0.461872
121 283 0.437146
122 124 0.498947
122 283 0.578473
123 124 0.476771
123 286 0.471739
124 280 0.449712
124 283 0.546918
124 286 0.437642
124 287 0.698735
125 127 0.466975
126 127 0.706562
126 128 0.548472
126 133 0.636098
126 225 0.446995
126 236 0.436359
126 261 0.447410
126 289 0.661385
126 302 0.480935
126 326 0.479619
127 128 0.642755
127 129 0.808990
127 145 0.640780
127 146 0.518168
127 150 0.528678
127 156 0.471771
127 157 0.736215
127 159 0.868241
127 162 0.562453
127 200 0.711522
127 220 0.663751
127 222 0.557270
127 225 0.636485
127 242 0.550296
127 279 0.654067
127 290 1.034522
127 292 0.601061
127 300 0.648439
127 323 0.581273
127 325 0.543197
127 332 0.538173
127 333 0.567457
128 129 0.453131
128 157 0.530249
128 220 0.479452
128 222 0.632136
128 225 0.476773
128 289 0.472097
128 290 0.472816
128 291 0.460047
129 145 1.020390
129 146 0.694434
129 150 0.583068
129 157 0.782930
129 159 0.857028
129 165 0.750356
129 172 0.489554
129 220 0.543362
129 222 0.579557
129 229 0.586823
129 231 0.629886
129 242 0.791705
129 243 0.468877
129 290 0.629192
129 292 0.949131
129 300 1.007953
129 316 0.785092
129 321 0.440794
129 322 0.612403
129 323 0.841416
129 325 0.796356
129 332 0.526206
129 333 0.699307
130 143 1.035610
130 174 0.630952
130 252 0.523246
130 259 0.473357
130 293 0.496562
130 294 1.071294
130 295 1.266439
130 313 0.555657
131 132 1.143936
131 138 0.541438
131 139 0.684353
131 141 0.661905
131 166 0.877032
131 169 0.768838
131 175 0.473145
131 258 1.052614
131 263 0.495254
131 265 0.550327
131 293 0.877209
131 298 1.052091
131 299 0.536778
131 309 0.439517
132 137 0.438921
132 138 0.502446
132 139 0.894468
132 141 0.836915
132 166 0.947829
132 169 0.483527
132 175 0.515536
132 258 0.941958
132 263 0.680492
132 265 0.535683
132 293 0.519330
132 298 0.972368
132 299 0.586469
132 309 0.529838
133 236 0.457857
133 250 0.449307
133 261 0.451544
133 289 0.536014
133 302 0.669213
134 135 0.511808
135 159 0.596887
135 303 0.436723
135 304 0.589627
135 306 0.576187
136 143 0.540981
136 265 0.455849
136 295 0.549240
136 299 0.636038
136 304 0.563073
137 138 0.594084
137 166 0.734858
137 175 0.754297
137 176 0.462285
137 255 0.622289
137 256 0.594702
137 298 0.558533
137 307 0.837568
137 308 0.536300
137 310 0.746863
138 141 0.471275
138 166 0.632849
138 175 0.686352
138 176 0.443774
138 177 0.520382
138 255 0.465149
138 298 0.680163
138 308 0.798727
139 166 0.625743
139 258 0.824969
139 263 0.622929
139 265 0.851040
139 298 0.520629
139 299 0.465284
140 263 0.610794
141 166 0.682707
141 175 0.523343
141 258 0.493749
141 263 0.474383
141 298 0.815393
141 309 0.893044
142 144 0.531785
142 296 0.453069
142 312 0.567823
142 314 0.441386
143 144 0.483955
143 169 0.563350
143 174 0.909197
143 259 0.587822
143 279 0.460198
143 293 0.529257
143 294 0.986792
143 295 1.014100
143 296 0.501374
143 304 0.484741
143 313 0.914723
144 174 0.487640
144 296 0.492576
145 146 1.119919
145 150 0.838845
145 157 0.941102
145 158 0.565118
145 159 0.624559
145 165 0.678654
145 222 0.445665
145 229 0.476837
145 231 0.492139
145 242 0.712578
145 243 0.444935
145 292 0.629291
145 300 0.674307
145 316 0.780384
145 317 0.498434
145 322 0.605925
145 323 0.808102
145 325 0.699551
145 333 0.519027
146 147 0.621409
146 149 0.564029
146 150 0.724590
146 157 0.859198
146 158 0.822844
146 159 0.486500
146 165 0.531864
146 229 0.438594
146 242 0.644366
146 292 0.447507
146 316 0.648989
146 317 0.612354
146 322 0.501159
146 323 0.706459
146 325 0.613142
147 149 0.891328
147 153 0.614957
147 158 0.622193
147 317 0.595274
148 151 0.803121
148 277 0.540216
149 153 0.520625
149 155 0.441374
149 158 0.443233
149 240 0.459791
149 249 0.522880
149 317 0.603347
149 318 0.629199
150 151 0.574714
150 152 0.601046
150 157 0.671675
150 159 0.551403
150 165 0.483159
150 183 0.650460
150 184 0.655034
150 242 0.461885
150 243 0.649194
150 279 0.574497
150 315 0.479406
150 316 0.650724
150 321 0.512675
150 322 1.013045
150 323 0.764703
150 325 0.810821
151 184 0.463549
151 321 0.442583
152 183 0.593216
152 184 0.763104
152 243 0.497035
152 322 0.567259
153 181 0.453225
153 187 0.645192
153 207 0.528419
153 318 0.674756
154 156 0.488141
154 189 0.487910
154 198 0.439380
154 320 0.451435
154 327 0.455821
155 168 0.470457
155 241 0.488810
155 320 0.525019
156 157 0.460729
156 162 0.552193
156 200 0.773951
156 220 0.517018
156 259 0.497631
156 279 0.553548
156 290 0.506799
156 315 0.599873
156 326 0.598692
157 158 0.617085
157 159 0.706725
157 165 0.613475
157 200 0.472389
157 220 0.572545
157 222 0.617400
157 242 0.690767
157 290 0.528171
157 292 0.601850
157 300 0.560772
157 316 0.640754
157 322 0.546692
157 323 0.617687
157 325 0.644059
157 328 0.530022
157 333 0.698049
158 161 0.529845
158 229 0.513531
158 231 0.482574
158 242 0.441225
158 271 0.596061
158 328 0.563746
159 162 0.504676
159 172 0.468685
159 200 0.498591
159 220 0.520327
159 222 0.493107
159 242 0.476523
159 279 0.666836
159 290 0.689839
159 292 0.715137
159 300 0.507900
159 304 0.484428
159 306 0.456305
159 315 0.579134
159 322 0.482551
159 323 0.645121
159 325 0.565635
159 331 0.788668
159 332 0.544037
159 333 0.508725
160 161 0.450114
160 196 0.465500
160 227 0.460414
160 233 0.486126
160 330 0.678375
161 226 0.445919
162 173 0.548496
162 174 0.444320
162 184 0.544148
162 186 0.537019
162 200 0.926619
162 220 0.885913
162 225 0.537502
162 259 0.583584
162 278 0.662329
162 279 0.661522
162 290 0.875435
162 291 0.447362
162 300 0.445145
162 315 0.825806
162 322 0.482392
162 326 0.455385
162 331 0.506610
163 180 0.557735
163 193 0.455834
163 203 0.544537
163 205 0.485708
163 206 0.514439
163 207 0.704472
163 209 0.908594
163 210 0.829461
163 213 0.486754
163 214 0.504179
163 215 0.545680
163 223 0.675048
163 266 0.482313
164 212 1.334488
164 244 0.581253
164 268 1.061875
164 269 0.482694
165 183 0.491093
165 184 0.448510
165 186 0.582827
165 192 0.649551
165 200 0.446447
165 219 0.438800
165 220 0.618656
165 222 0.699727
165 225 0.549859
165 229 0.550182
165 231 0.764686
165 237 0.485615
165 242 1.095221
165 243 0.547375
165 272 0.584327
165 276 0.498428
165 290 0.523348
165 291 0.526324
165 292 0.790706
165 300 0.904423
165 316 1.096307
165 317 0.701359
165 321 0.959299
165 322 0.799764
165 323 0.810772
165 324 0.503397
165 325 0.989800
165 328 0.594718
165 333 0.862304
166 169 0.502702
166 175 0.810296
166 177 0.442235
166 255 0.610540
166 256 0.470198
166 258 0.888794
166 263 0.647119
166 293 0.511761
166 298 1.209403
166 307 0.575386
166 308 0.584700
166 309 0.521540
166 310 0.449756
167 168 0.670731
167 170 0.554784
167 173 0.483718
167 182 0.811263
167 186 0.562205
167 199 0.594638
167 208 0.920140
167 211 1.055621
167 219 1.006046
167 225 0.664384
167 236 0.607960
167 237 0.585275
167 241 0.464733
167 254 0.490025
167 257 0.513012
167 260 0.960512
167 261 0.444347
167 262 0.536260
167 272 0.730630
167 277 0.529159
167 281 0.491431
167 284 0.562303
167 291 0.472613
167 319 0.484390
167 324 0.648465
168 170 0.756461
168 182 0.735190
168 199 0.788431
168 208 0.572048
168 211 0.669008
168 219 0.481474
168 236 1.119069
168 240 0.660881
168 241 0.718126
168 260 0.724274
168 261 0.590254
168 262 0.695999
168 275 0.621654
168 281 0.489500
168 283 0.518168
168 289 0.536423
168 320 0.438348
168 324 0.498128
169 174 0.699627
169 176 0.495981
169 177 0.531063
169 258 0.550734
169 293 1.213526
169 294 0.610300
169 295 0.524553
169 298 0.725240
169 299 0.446101
169 311 0.476927
169 313 0.587268
170 182 0.470785
170 199 1.008066
170 211 0.779087
170 236 0.791489
170 251 0.710526
170 252 0.578959
170 253 0.564119
170 260 0.635560
170 261 0.745848
170 262 1.029719
170 275 0.807071
170 289 0.670511
170 302 0.439237
170 326 0.477969
171 190 0.451270
171 193 0.463704
171 194 0.496311
171 195 0.488533
171 214 0.482309
171 216 0.442085
171 224 0.881559
171 227 0.552159
171 239 0.621860
171 329 0.622458
172 292 0.571054
172 300 0.448810
173 186 0.613506
173 254 1.105978
173 257 0.626546
173 260 0.449007
174 179 0.510516
174 259 0.588855
174 293 0.661195
174 294 0.841258
174 295 0.678052
174 296 0.499597
174 311 0.556827
174 313 0.806786
174 315 0.529018
175 176 0.664278
175 177 0.469361
175 255 0.656393
175 256 0.553060
175 263 0.458419
175 298 0.678003
175 307 0.554057
175 308 0.720352
175 310 0.721527
175 311 0.464896
176 177 0.492530
176 255 0.636740
176 256 0.575720
176 310 0.614650
176 311 0.595337
177 255 0.560489
177 256 0.727861
177 298 0.486252
177 308 0.652761
177 310 0.530440
177 311 0.554464
179 313 0.447865
180 185 0.529800
180 187 0.523336
180 188 0.471275
180 189 0.460823
180 193 0.475029
180 207 0.687674
180 223 0.656284
180 234 0.446640
180 249 0.460673
180 266 0.440731
180 267 0.549655
180 318 0.499249
181 185 0.467479
181 187 0.912992
181 188 0.469407
181 198 0.517333
181 248 0.797874
181 249 0.620381
181 318 0.574848
182 199 0.583044
182 208 0.932767
182 211 0.659923
182 219 0.737121
182 236 0.725213
182 237 0.843631
182 240 0.563628
182 241 0.596639
182 247 0.881919
182 248 0.536629
182 260 0.637336
182 272 0.591770
182 273 0.470677
182 277 0.564241
182 281 0.706432
182 284 0.625641
182 319 0.654163
182 320 0.442990
182 324 0.676994
183 184 0.974899
183 186 0.503798
183 188 0.618863
183 192 0.510029
183 243 0.764652
183 316 0.617405
183 317 0.536989
183 321 0.584130
183 322 0.885739
183 325 0.606150
184 186 0.648953
184 220 0.474236
184 243 0.799248
184 279 0.503407
184 290 0.462338
184 300 0.474437
184 315 0.571214
184 316 0.491382
184 321 0.628014
184 322 1.033298
184 323 0.478877
184 324 0.519757
184 325 0.658866
185 187 0.715379
185 188 0.664109
185 195 0.698768
185 196 0.561000
185 234 0.451679
185 238 0.739345
185 245 0.572222
185 246 0.809498
185 248 0.532527
185 249 0.528780
185 274 0.784176
186 208 0.437740
186 219 0.542294
186 220 0.510621
186 222 0.460612
186 225 0.586829
186 243 0.488347
186 254 0.455080
186 272 0.514623
186 291 0.477253
186 300 0.602549
186 316 0.473751
186 321 0.739589
186 322 0.569329
186 324 0.730955
186 325 0.477360
186 333 0.497827
187 188 0.692667
187 203 0.506684
187 207 0.702359
187 223 0.500169
187 245 0.536937
187 246 0.613512
187 248 0.934929
187 249 0.785427
187 318 0.765844
188 245 0.593320
188 248 0.785887
188 249 0.857412
188 318 0.828375
188 319 0.479972
189 198 1.050780
189 199 0.538479
189 203 0.882159
189 211 0.520671
189 252 0.622917
189 257 0.575951
189 259 0.437655
189 267 0.538708
189 294 0.499380
189 320 0.638274
189 327 0.467200
190 191 0.781394
190 194 0.529001
190 201 0.507332
190 202 0.764501
190 204 0.887275
190 216 0.654672
191 193 0.497206
191 194 0.527039
191 195 0.457201
191 202 0.560880
191 204 1.246021
192 229 0.478800
192 231 0.493769
192 242 0.449961
192 249 0.521310
192 271 0.622170
192 316 0.705262
192 317 0.803407
192 318 0.496346
192 321 0.463976
192 328 0.557601
193 206 0.562591
193 214 0.532009
194 195 0.875727
194 197 0.489490
194 201 0.582962
194 202 0.844596
194 204 0.500676
194 216 0.547361
194 224 0.496107
194 274 0.465747
195 196 0.558977
195 197 0.442607
195 206 0.563102
195 224 0.450525
195 238 0.562271
195 246 0.457742
195 274 0.614226
196 197 0.481703
196 246 0.437626
196 274 0.608931
197 202 0.534630
197 216 0.514824
197 255 0.456917
198 199 0.711741
198 203 0.838022
198 211 0.620349
198 252 0.523372
198 257 0.471570
198 262 0.540331
198 267 0.440571
198 318 0.458108
198 320 0.733576
198 327 0.471857
199 203 0.652797
199 208 0.684952
199 211 0.909611
199 219 0.438992
199 236 0.612211
199 251 0.613292
199 252 0.564542
199 253 0.451380
199 260 0.534144
199 261 0.508746
199 262 0.948131
199 275 0.716221
199 320 0.546185
200 220 1.070343
200 222 0.444992
200 225 0.607386
200 259 0.514383
200 272 0.487197
200 278 0.610724
200 279 0.733468
200 290 1.126205
200 291 0.658552
200 300 0.515738
200 315 0.862841
200 322 0.575243
200 323 0.505297
200 325 0.550482
200 326 0.698895
200 333 0.436934
201 202 0.557262
201 216 1.173911
201 217 0.466156
201 218 0.852098
201 239 0.488221
202 204 0.723285
202 216 0.500320
203 205 0.478524
203 207 0.865797
203 210 0.599585
203 211 0.467066
203 213 0.597265
203 223 0.520425
203 251 0.788331
203 252 0.681487
203 262 0.532701
203 266 0.727625
203 267 0.443007
203 270 0.480857
203 275 0.550261
203 320 0.508982
205 206 0.816166
205 207 0.732867
205 209 0.642979
205 210 0.893010
205 213 1.153929
205 214 0.566572
205 215 0.960903
205 217 0.679046
205 223 0.627690
205 251 0.559852
205 266 0.614254
205 270 0.927299
206 207 0.824860
206 209 0.602493
206 210 0.539812
206 213 0.522490
206 214 0.617211
206 215 0.510832
206 223 0.553155
207 209 0.505049
207 210 0.710216
207 213 0.649721
207 215 0.508971
207 223 0.896304
207 266 0.754081
207 267 0.456846
208 211 0.754365
208 219 0.964050
208 237 0.549986
208 240 0.545190
208 248 0.442037
208 260 0.661351
208 272 0.945566
208 277 0.543003
208 284 0.690272
208 291 0.472409
208 318 0.563735
208 319 0.764848
208 321 0.476031
208 324 0.794844
208 327 0.543409
209 210 0.943672
209 213 0.522122
209 214 0.992511
209 215 0.816259
209 223 0.599370
210 213 0.981582
210 214 0.580529
210 215 0.983173
210 217 0.544823
210 223 0.881393
210 251 0.652818
210 266 0.726765
210 270 0.806900
211 219 0.568911
211 236 0.524869
211 251 0.556150
211 252 0.452305
211 254 0.486657
211 257 0.724707
211 260 0.676746
211 261 0.610144
211 262 0.999473
211 275 0.580381
211 319 0.457079
211 320 0.450680
212 239 0.481273
212 244 0.699082
212 268 0.995354
212 269 0.514594
213 214 0.475389
213 215 1.020410
213 217 0.885206
213 223 0.681720
213 251 0.886696
213 266 0.788976
213 270 1.244000
213 275 0.476446
214 215 0.859168
214 217 0.488012
214 223 0.456447
214 224 0.538303
215 217 1.068479
215 223 0.578932
215 251 0.572514
215 266 0.535662
215 270 0.832525
216 218 1.055952
216 239 0.551523
217 251 0.545517
217 270 0.905083
218 239 0.580060
219 220 0.540577
219 222 0.626434
219 225 0.720415
219 237 0.761766
219 240 0.555512
219 241 0.521696
219 260 0.711852
219 272 1.099017
219 276 0.469841
219 277 0.494047
219 281 0.501198
219 284 0.710101
219 291 0.668378
219 301 0.474739
219 319 0.501036
219 321 0.684235
219 324 0.800736
219 327 0.734285
219 333 0.519997
220 222 0.838209
220 225 0.846783
220 242 0.545373
220 259 0.584201
220 272 0.640218
220 278 0.476518
220 279 0.441445
220 290 1.191736
220 291 0.804990
220 292 0.631265
220 300 0.747963
220 315 0.768163
220 316 0.497131
220 321 0.576688
220 322 0.685503
220 323 0.495048
220 325 0.640064
220 327 0.561827
220 331 0.515558
220 333 0.772464
221 222 0.703461
221 226 0.617734
221 267 0.662685
221 271 0.442587
221 292 0.481605
221 316 0.447253
221 317 0.437435
221 327 0.450364
221 328 0.866496
221 331 0.537490
221 333 0.437039
222 225 0.859450
222 226 0.488300
222 231 0.674125
222 237 0.520208
222 242 0.769589
222 260 0.467643
222 272 0.598594
222 276 0.473201
222 290 0.686788
222 291 0.690691
222 292 0.626147
222 300 0.714180
222 316 0.487427
222 321 0.548742
222 324 0.486478
222 325 0.492851
222 328 0.632691
222 333 0.779755
223 234 0.442992
223 238 0.447081
223 246 0.475493
223 250 0.468838
223 266 0.888212
223 270 0.615749
223 275 0.486407
224 227 0.532065
224 239 0.550636
224 244 0.465951
224 269 0.440362
224 329 0.614229
225 231 0.528373
225 237 0.714491
225 242 0.550355
225 260 0.681334
225 272 0.672654
225 276 0.604049
225 277 0.503371
225 281 0.636282
225 289 0.544768
225 290 0.883945
225 291 0.817607
225 292 0.494868
225 300 0.647285
225 321 0.529699
225 324 0.669346
225 333 0.954434
226 228 0.471178
226 229 0.449674
226 231 0.564879
226 242 0.445822
226 292 0.513629
226 328 0.606476
226 333 0.484304
227 233 0.473558
227 329 0.686356
227 330 0.636689
228 229 0.593810
228 230 0.917795
228 306 0.456082
228 332 0.531056
229 231 1.155843
229 232 0.535506
229 242 0.617848
229 271 0.597152
229 292 0.561742
229 300 0.485639
229 316 0.532405
229 328 0.484706
229 332 0.519272
229 333 0.463789
230 328 0.439545
230 331 0.559651
231 232 0.628410
231 242 0.820122
231 271 0.497116
231 276 0.569228
231 292 0.682972
231 300 0.618798
231 316 0.575746
231 317 0.469841
231 328 0.621445
231 332 0.450769
231 333 0.794818
234 245 0.468075
234 246 0.536481
234 274 0.454280
234 329 0.501070
236 237 0.466131
236 241 0.524815
236 260 0.862607
236 261 0.841391
236 262 0.549943
236 273 0.827057
236 275 0.522848
236 277 0.473537
236 281 0.749335
236 283 0.551542
236 289 0.792572
236 302 0.537663
236 326 0.695300
237 241 0.483982
237 242 0.490251
237 247 0.638857
237 260 0.493189
237 272 0.692168
237 273 0.488017
237 276 0.824304
237 277 0.544133
237 281 0.779144
237 284 0.498926
237 291 0.486267
237 321 0.506152
237 324 0.542752
237 333 0.545973
238 244 0.472663
238 245 0.487936
238 246 0.844668
238 269 0.828016
238 274 0.745875
239 244 0.821679
239 268 0.475832
239 269 0.541306
240 241 1.006071
240 248 0.523950
240 249 0.626692
240 272 0.458607
240 277 0.463005
240 284 0.756956
240 318 0.639710
240 319 0.684840
240 320 0.634389
240 321 0.454366
240 324 0.538716
241 250 0.484667
241 281 0.515134
241 284 0.595469
241 320 0.601138
242 243 0.577718
242 276 0.532396
242 290 0.574441
242 291 0.496498
242 292 0.936662
242 300 0.874729
242 316 0.867370
242 317 0.603000
242 321 0.684056
242 322 0.661487
242 323 0.765989
242 325 0.856456
242 328 0.648040
242 332 0.495578
242 333 0.881070
243 292 0.511164
243 300 0.497115
243 316 0.706924
243 317 0.493096
243 321 0.586548
243 322 0.930289
243 323 0.598256
243 325 0.830845
243 333 0.485163
244 268 0.676243
244 269 0.665526
245 246 0.948164
245 248 0.652190
245 249 0.680836
245 274 0.513226
246 248 0.507545
246 249 0.523147
246 269 0.649981
246 274 0.798374
247 248 0.652557
247 249 0.477059
247 276 0.494108
247 319 0.458106
248 249 1.092788
248 318 0.721258
248 319 0.524278
248 320 0.490663
249 317 0.510364
249 318 0.879485
249 319 0.483067
249 320 0.535726
250 266 0.681684
250 275 0.690766
251 252 1.010922
251 253 0.628869
251 262 0.942637
251 266 0.574386
251 270 0.881078
251 275 0.707033
252 253 1.101511
252 258 0.523611
252 262 0.894405
252 265 0.566787
252 275 0.494579
252 294 0.439651
252 295 0.463580
253 258 0.590161
253 261 0.542217
253 262 0.822251
253 265 0.754180
253 275 0.477096
254 257 0.870841
254 311 0.522044
255 256 0.949160
255 308 0.496005
255 310 0.938367
255 311 0.705665
256 308 0.506258
256 310 1.176964
256 311 0.592292
257 259 0.748737
257 260 0.564779
257 261 0.769809
257 311 0.481046
258 263 0.577854
258 265 0.778081
258 293 0.627256
258 298 0.770604
258 299 0.459291
259 260 0.520249
259 261 0.551345
259 289 0.442066
259 290 0.462887
259 294 0.637277
259 295 0.526748
259 313 0.446531
259 315 0.567770
259 326 0.751753
259 327 0.536871
260 261 0.859551
260 272 0.662433
260 277 0.505912
260 281 0.619693
260 289 0.799509
260 291 0.521469
260 324 0.625442
260 326 0.746389
261 262 0.640030
261 273 0.665597
261 289 0.869550
261 302 0.498919
261 326 0.693332
262 275 0.991385
263 298 0.518379
263 309 0.612307
264 265 0.553198
265 299 0.548500
266 267 0.637697
266 270 0.610671
266 275 0.569106
268 269 0.707273
269 274 0.630716
270 275 0.605185
271 317 0.545109
271 328 0.639443
272 277 0.668008
272 281 0.664217
272 284 0.694865
272 291 0.887121
272 301 0.545112
272 319 0.512992
272 321 0.819027
272 324 0.944800
272 327 0.649666
273 276 0.560269
273 277 0.466353
273 281 0.442181
273 289 0.491896
274 329 0.449197
276 328 0.730627
276 333 0.704113
277 281 0.663475
277 284 0.646336
277 291 0.440415
277 319 0.636788
277 326 0.471922
278 279 0.584012
278 290 0.504891
278 315 0.557982
279 290 0.714315
279 304 0.468832
279 313 0.458610
279 315 0.660069
279 322 0.506616
279 323 0.565375
279 325 0.460999
279 331 0.525561
280 286 0.494865
280 287 0.458657
281 284 0.459583
281 289 0.643646
281 290 0.462921
281 291 0.608713
281 324 0.598276
281 326 0.648826
283 286 0.578390
283 287 0.748442
284 318 0.491735
284 319 0.774755
284 320 0.435956
284 321 0.595732
284 324 0.592160
285 286 0.558309
286 287 0.492325
289 291 0.474398
289 302 0.974304
289 326 0.879692
290 291 0.822799
290 292 0.711596
290 300 0.808561
290 315 0.674562
290 322 0.621981
290 323 0.576587
290 325 0.639174
290 326 0.476158
290 331 0.578181
290 332 0.471618
290 333 0.684574
291 292 0.439371
291 300 0.708168
291 301 0.643548
291 321 0.664923
291 324 0.746639
291 326 0.508144
291 333 0.490825
292 300 1.055875
292 316 0.825270
292 321 0.475367
292 322 0.648337
292 323 0.775207
292 325 0.806743
292 328 0.535814
292 331 0.571789
292 332 0.644472
292 333 0.888236
293 294 0.661776
293 295 0.621877
293 298 0.746630
293 299 0.445857
293 311 0.458456
293 313 0.448992
294 295 1.086960
294 313 0.848255
295 313 0.659595
296 312 0.470254
296 313 0.497537
297 305 0.700195
298 299 0.580352
298 307 0.443803
298 308 0.645741
298 309 0.623731
300 316 0.807137
300 321 0.696115
300 322 0.681626
300 323 0.743186
300 325 0.803475
300 332 0.454932
300 333 0.771657
301 324 0.460279
302 326 0.589575
303 304 0.475820
303 305 0.507225
304 305 0.632122
304 306 0.573517
304 331 0.544727
305 312 0.477808
306 331 0.473280
307 310 0.447056
308 310 0.536513
310 311 0.538525
312 314 0.610689
315 322 0.692609
315 323 0.436765
315 325 0.514409
315 327 0.583029
315 331 0.786177
316 317 0.911822
316 321 0.874291
316 322 0.965769
316 323 0.976290
316 325 1.047315
316 328 0.578648
316 333 0.726722
317 318 0.551417
317 321 0.755624
317 322 0.617480
317 323 0.529306
317 325 0.564634
317 328 0.476867
318 319 0.762494
318 320 0.760139
319 320 0.682423
319 324 0.476794
319 327 0.454643
320 327 0.515094
321 322 0.926714
321 323 0.574522
321 324 0.802970
321 325 0.830642
321 333 0.600476
322 323 0.936334
322 325 1.249838
322 333 0.635059
323 325 1.221790
323 332 0.550148
323 333 0.532715
325 332 0.444369
325 333 0.726892
327 328 0.516980
328 333 0.618438
331 332 0.462545
